=== HYBRID UNREDUCED RECURRENCE (a reduced, b unreduced) ===

Orbit paclet loaded successfully

STEP 1: Verification test

Running hybrid verification test for k=0 to 100
Comparing hybrid {n, a, {bn,bd}} vs reduced (Orbit paclet)...

Computing reduced states...
â Reduced states computed (101 states)
Computing hybrid states...
â Hybrid states computed (101 states)
Verifying state matches...
  Verified k=0/100
  Verified k=20/100
  Verified k=40/100
  Verified k=60/100
  Verified k=80/100
  Verified k=100/100

States compared: 101
All states match? â YES
â Verification passed! Hybrid recurrence is correct.

STEP 2: Valuation tracking with pattern detection

Primes to analyze: {3, 5, 7, 11}
kMax: 1000


>>> PRIME p=3 <<<
Tracking valuations for p=3 up to k=1000
  Generating hybrid states...
  â Generated 1001 states
  Extracting valuations...

Set::nosym: _ does not contain a symbol to attach a rule to.

Set::nosym: _ does not contain a symbol to attach a rule to.

Set::nosym: _ does not contain a symbol to attach a rule to.

General::stop: Further output of Set::nosym will be suppressed during this calculation.
    Progress: k=200/1000
    Progress: k=400/1000
    Progress: k=600/1000
    Progress: k=800/1000
    Progress: k=1000/1000
  â Tracked 1000 terms

=== JUMP PATTERN ANALYSIS FOR p=3 ===
Number of jumps: 334

Jump points:
n	k	2k+1	Î½_p(D)	Î½_p(N)	Diff
1	1	3	1	0	1
2	4	9	3	2	1
3	7	15	4	3	1
4	10	21	5	4	1
5	13	27	8	7	1
6	16	33	9	8	1
7	19	39	10	9	1
8	22	45	12	11	1
9	25	51	13	12	1
10	28	57	14	13	1
11	31	63	16	15	1
12	34	69	17	16	1
13	37	75	18	17	1
14	40	81	22	21	1
15	43	87	23	22	1
16	46	93	24	23	1
17	49	99	26	25	1
18	52	105	27	26	1
19	55	111	28	27	1
20	58	117	30	29	1

=== SEQUENCES ===
k-values: {1, 4, 7, 10, 13, 16, 19, 22, 25, 28, 31, 34, 37, 40, 43, 46, 49, 52, 55, 58, 61, 64, 67, 70, 73, 76, 79, 82, 85, 88, 91, 94, 97, 100, 103, 106, 109, 112, 115, 118, 121, 124, 127, 130, 133, 136, 139, 142, 145, 148, 151, 154, 157, 160, 163, 166, 169, 172, 175, 178, 181, 184, 187, 190, 193, 196, 199, 202, 205, 208, 211, 214, 217, 220, 223, 226, 229, 232, 235, 238, 241, 244, 247, 250, 253, 256, 259, 262, 265, 268, 271, 274, 277, 280, 283, 286, 289, 292, 295, 298, 301, 304, 307, 310, 313, 316, 319, 322, 325, 328, 331, 334, 337, 340, 343, 346, 349, 352, 355, 358, 361, 364, 367, 370, 373, 376, 379, 382, 385, 388, 391, 394, 397, 400, 403, 406, 409, 412, 415, 418, 421, 424, 427, 430, 433, 436, 439, 442, 445, 448, 451, 454, 457, 460, 463, 466, 469, 472, 475, 478, 481, 484, 487, 490, 493, 496, 499, 502, 505, 508, 511, 514, 517, 520, 523, 526, 529, 532, 535, 538, 541, 544, 547, 550, 553, 556, 559, 562, 565, 568, 571, 574, 577, 580, 583, 586, 589, 592, 595, 598, 601, 604, 607, 610, 613, 616, 619, 622, 625, 628, 631, 634, 637, 640, 643, 646, 649, 652, 655, 658, 661, 664, 667, 670, 673, 676, 679, 682, 685, 688, 691, 694, 697, 700, 703, 706, 709, 712, 715, 718, 721, 724, 727, 730, 733, 736, 739, 742, 745, 748, 751, 754, 757, 760, 763, 766, 769, 772, 775, 778, 781, 784, 787, 790, 793, 796, 799, 802, 805, 808, 811, 814, 817, 820, 823, 826, 829, 832, 835, 838, 841, 844, 847, 850, 853, 856, 859, 862, 865, 868, 871, 874, 877, 880, 883, 886, 889, 892, 895, 898, 901, 904, 907, 910, 913, 916, 919, 922, 925, 928, 931, 934, 937, 940, 943, 946, 949, 952, 955, 958, 961, 964, 967, 970, 973, 976, 979, 982, 985, 988, 991, 994, 997, 1000}
Î½_p(D): {1, 3, 4, 5, 8, 9, 10, 12, 13, 14, 16, 17, 18, 22, 23, 24, 26, 27, 28, 30, 31, 32, 35, 36, 37, 39, 40, 41, 43, 44, 45, 48, 49, 50, 52, 53, 54, 56, 57, 58, 63, 64, 65, 67, 68, 69, 71, 72, 73, 76, 77, 78, 80, 81, 82, 84, 85, 86, 89, 90, 91, 93, 94, 95, 97, 98, 99, 103, 104, 105, 107, 108, 109, 111, 112, 113, 116, 117, 118, 120, 121, 122, 124, 125, 126, 129, 130, 131, 133, 134, 135, 137, 138, 139, 143, 144, 145, 147, 148, 149, 151, 152, 153, 156, 157, 158, 160, 161, 162, 164, 165, 166, 169, 170, 171, 173, 174, 175, 177, 178, 179, 185, 186, 187, 189, 190, 191, 193, 194, 195, 198, 199, 200, 202, 203, 204, 206, 207, 208, 211, 212, 213, 215, 216, 217, 219, 220, 221, 225, 226, 227, 229, 230, 231, 233, 234, 235, 238, 239, 240, 242, 243, 244, 246, 247, 248, 251, 252, 253, 255, 256, 257, 259, 260, 261, 265, 266, 267, 269, 270, 271, 273, 274, 275, 278, 279, 280, 282, 283, 284, 286, 287, 288, 291, 292, 293, 295, 296, 297, 299, 300, 301, 306, 307, 308, 310, 311, 312, 314, 315, 316, 319, 320, 321, 323, 324, 325, 327, 328, 329, 332, 333, 334, 336, 337, 338, 340, 341, 342, 346, 347, 348, 350, 351, 352, 354, 355, 356, 359, 360, 361, 363, 364, 365, 367, 368, 369, 372, 373, 374, 376, 377, 378, 380, 381, 382, 386, 387, 388, 390, 391, 392, 394, 395, 396, 399, 400, 401, 403, 404, 405, 407, 408, 409, 412, 413, 414, 416, 417, 418, 420, 421, 422, 427, 428, 429, 431, 432, 433, 435, 436, 437, 440, 441, 442, 444, 445, 446, 448, 449, 450, 453, 454, 455, 457, 458, 459, 461, 462, 463, 467, 468, 469, 471, 472, 473, 475, 476, 477, 480, 481, 482, 484, 485, 486, 488, 489, 490, 493, 494, 495, 497, 498, 499}
Î½_p(N): {0, 2, 3, 4, 7, 8, 9, 11, 12, 13, 15, 16, 17, 21, 22, 23, 25, 26, 27, 29, 30, 31, 34, 35, 36, 38, 39, 40, 42, 43, 44, 47, 48, 49, 51, 52, 53, 55, 56, 57, 62, 63, 64, 66, 67, 68, 70, 71, 72, 75, 76, 77, 79, 80, 81, 83, 84, 85, 88, 89, 90, 92, 93, 94, 96, 97, 98, 102, 103, 104, 106, 107, 108, 110, 111, 112, 115, 116, 117, 119, 120, 121, 123, 124, 125, 128, 129, 130, 132, 133, 134, 136, 137, 138, 142, 143, 144, 146, 147, 148, 150, 151, 152, 155, 156, 157, 159, 160, 161, 163, 164, 165, 168, 169, 170, 172, 173, 174, 176, 177, 178, 184, 185, 186, 188, 189, 190, 192, 193, 194, 197, 198, 199, 201, 202, 203, 205, 206, 207, 210, 211, 212, 214, 215, 216, 218, 219, 220, 224, 225, 226, 228, 229, 230, 232, 233, 234, 237, 238, 239, 241, 242, 243, 245, 246, 247, 250, 251, 252, 254, 255, 256, 258, 259, 260, 264, 265, 266, 268, 269, 270, 272, 273, 274, 277, 278, 279, 281, 282, 283, 285, 286, 287, 290, 291, 292, 294, 295, 296, 298, 299, 300, 305, 306, 307, 309, 310, 311, 313, 314, 315, 318, 319, 320, 322, 323, 324, 326, 327, 328, 331, 332, 333, 335, 336, 337, 339, 340, 341, 345, 346, 347, 349, 350, 351, 353, 354, 355, 358, 359, 360, 362, 363, 364, 366, 367, 368, 371, 372, 373, 375, 376, 377, 379, 380, 381, 385, 386, 387, 389, 390, 391, 393, 394, 395, 398, 399, 400, 402, 403, 404, 406, 407, 408, 411, 412, 413, 415, 416, 417, 419, 420, 421, 426, 427, 428, 430, 431, 432, 434, 435, 436, 439, 440, 441, 443, 444, 445, 447, 448, 449, 452, 453, 454, 456, 457, 458, 460, 461, 462, 466, 467, 468, 470, 471, 472, 474, 475, 476, 479, 480, 481, 483, 484, 485, 487, 488, 489, 492, 493, 494, 496, 497, 498}
Differences: {1, 1, 1, 1, 1, 1, 1, 1, 1, 1, 1, 1, 1, 1, 1, 1, 1, 1, 1, 1, 1, 1, 1, 1, 1, 1, 1, 1, 1, 1, 1, 1, 1, 1, 1, 1, 1, 1, 1, 1, 1, 1, 1, 1, 1, 1, 1, 1, 1, 1, 1, 1, 1, 1, 1, 1, 1, 1, 1, 1, 1, 1, 1, 1, 1, 1, 1, 1, 1, 1, 1, 1, 1, 1, 1, 1, 1, 1, 1, 1, 1, 1, 1, 1, 1, 1, 1, 1, 1, 1, 1, 1, 1, 1, 1, 1, 1, 1, 1, 1, 1, 1, 1, 1, 1, 1, 1, 1, 1, 1, 1, 1, 1, 1, 1, 1, 1, 1, 1, 1, 1, 1, 1, 1, 1, 1, 1, 1, 1, 1, 1, 1, 1, 1, 1, 1, 1, 1, 1, 1, 1, 1, 1, 1, 1, 1, 1, 1, 1, 1, 1, 1, 1, 1, 1, 1, 1, 1, 1, 1, 1, 1, 1, 1, 1, 1, 1, 1, 1, 1, 1, 1, 1, 1, 1, 1, 1, 1, 1, 1, 1, 1, 1, 1, 1, 1, 1, 1, 1, 1, 1, 1, 1, 1, 1, 1, 1, 1, 1, 1, 1, 1, 1, 1, 1, 1, 1, 1, 1, 1, 1, 1, 1, 1, 1, 1, 1, 1, 1, 1, 1, 1, 1, 1, 1, 1, 1, 1, 1, 1, 1, 1, 1, 1, 1, 1, 1, 1, 1, 1, 1, 1, 1, 1, 1, 1, 1, 1, 1, 1, 1, 1, 1, 1, 1, 1, 1, 1, 1, 1, 1, 1, 1, 1, 1, 1, 1, 1, 1, 1, 1, 1, 1, 1, 1, 1, 1, 1, 1, 1, 1, 1, 1, 1, 1, 1, 1, 1, 1, 1, 1, 1, 1, 1, 1, 1, 1, 1, 1, 1, 1, 1, 1, 1, 1, 1, 1, 1, 1, 1, 1, 1, 1, 1, 1, 1, 1, 1, 1, 1, 1, 1, 1, 1, 1, 1, 1, 1, 1, 1, 1, 1, 1, 1}

=== VERIFICATION ===
All differences = 1? â YES

=== PATTERN DETECTION ===
Expected k if k = (p^n - 1)/2: {1, 4, 13, 40, 121, 364, 1093, 3280, 9841, 29524, 88573, 265720, 797161, 2391484, 7174453, 21523360, 64570081, 193710244, 581130733, 1743392200, 5230176601, 15690529804, 47071589413, 141214768240, 423644304721, 1270932914164, 3812798742493, 11438396227480, 34315188682441, 102945566047324, 308836698141973, 926510094425920, 2779530283277761, 8338590849833284, 25015772549499853, 75047317648499560, 225141952945498681, 675425858836496044, 2026277576509488133, 6078832729528464400, 18236498188585393201, 54709494565756179604, 164128483697268538813, 492385451091805616440, 1477156353275416849321, 4431469059826250547964, 13294407179478751643893, 39883221538436254931680, 119649664615308764795041, 358948993845926294385124, 1076846981537778883155373, 3230540944613336649466120, 9691622833840009948398361, 29074868501520029845195084, 87224605504560089535585253, 261673816513680268606755760, 785021449541040805820267281, 2355064348623122417460801844, 7065193045869367252382405533, 21195579137608101757147216600, 63586737412824305271441649801, 190760212238472915814324949404, 572280636715418747442974848213, 1716841910146256242328924544640, 5150525730438768726986773633921, 15451577191316306180960320901764, 46354731573948918542880962705293, 139064194721846755628642888115880, 417192584165540266885928664347641, 1251577752496620800657785993042924, 3754733257489862401973357979128773, 11264199772469587205920073937386320, 33792599317408761617760221812158961, 101377797952226284853280665436476884, 304133393856678854559841996309430653, 912400181570036563679525988928291960, 2737200544710109691038577966784875881, 8211601634130329073115733900354627644, 24634804902390987219347201701063882933, 73904414707172961658041605103191648800, 221713244121518884974124815309574946401, 665139732364556654922374445928724839204, 1995419197093669964767123337786174517613, 5986257591281009894301370013358523552840, 17958772773843029682904110040075570658521, 53876318321529089048712330120226711975564, 161628954964587267146136990360680135926693, 484886864893761801438410971082040407780080, 1454660594681285404315232913246121223340241, 4363981784043856212945698739738363670020724, 13091945352131568638837096219215091010062173, 39275836056394705916511288657645273030186520, 117827508169184117749533865972935819090559561, 353482524507552353248601597918807457271678684, 1060447573522657059745804793756422371815036053, 3181342720567971179237414381269267115445108160, 9544028161703913537712243143807801346335324481, 28632084485111740613136729431423404039005973444, 85896253455335221839410188294270212117017920333, 257688760366005665518230564882810636351053761000, 773066281098016996554691694648431909053161283001, 2319198843294050989664075083945295727159483849004, 6957596529882152968992225251835887181478451547013, 20872789589646458906976675755507661544435354641040, 62618368768939376720930027266522984633306063923121, 187855106306818130162790081799568953899918191769364, 563565318920454390488370245398706861699754575308093, 1690695956761363171465110736196120585099263725924280, 5072087870284089514395332208588361755297791177772841, 15216263610852268543185996625765085265893373533318524, 45648790832556805629557989877295255797680120599955573, 136946372497670416888673969631885767393040361799866720, 410839117493011250666021908895657302179121085399600161, 1232517352479033751998065726686971906537363256198800484, 3697552057437101255994197180060915719612089768596401453, 11092656172311303767982591540182747158836269305789204360, 33277968516933911303947774620548241476508807917367613081, 99833905550801733911843323861644724429526423752102839244, 299501716652405201735529971584934173288579271256308517733, 898505149957215605206589914754802519865737813768925553200, 2695515449871646815619769744264407559597213441306776659601, 8086546349614940446859309232793222678791640323920329978804, 24259639048844821340577927698379668036374920971760989936413, 72778917146534464021733783095139004109124762915282969809240, 218336751439603392065201349285417012327374288745848909427721, 655010254318810176195604047856251036982122866237546728283164, 1965030762956430528586812143568753110946368598712640184849493, 5895092288869291585760436430706259332839105796137920554548480, 17685276866607874757281309292118777998517317388413761663645441, 53055830599823624271843927876356333995551952165241284990936324, 159167491799470872815531783629069001986655856495723854972808973, 477502475398412618446595350887207005959967569487171564918426920, 1432507426195237855339786052661621017879902708461514694755280761, 4297522278585713566019358157984863053639708125384544084265842284, 12892566835757140698058074473954589160919124376153632252797526853, 38677700507271422094174223421863767482757373128460896758392580560, 116033101521814266282522670265591302448272119385382690275177741681, 348099304565442798847568010796773907344816358156148070825533225044, 1044297913696328396542704032390321722034449074468444212476599675133, 3132893741088985189628112097170965166103347223405332637429799025400, 9398681223266955568884336291512895498310041670215997912289397076201, 28196043669800866706653008874538686494930125010647993736868191228604, 84588131009402600119959026623616059484790375031943981210604573685813, 253764393028207800359877079870848178454371125095831943631813721057440, 761293179084623401079631239612544535363113375287495830895441163172321, 2283879537253870203238893718837633606089340125862487492686323489516964, 6851638611761610609716681156512900818268020377587462478058970468550893, 20554915835284831829150043469538702454804061132762387434176911405652680, 61664747505854495487450130408616107364412183398287162302530734216958041, 184994242517563486462350391225848322093236550194861486907592202650874124, 554982727552690459387051173677544966279709650584584460722776607952622373, 1664948182658071378161153521032634898839128951753753382168329823857867120, 4994844547974214134483460563097904696517386855261260146504989471573601361, 14984533643922642403450381689293714089552160565783780439514968414720804084, 44953600931767927210351145067881142268656481697351341318544905244162412253, 134860802795303781631053435203643426805969445092054023955634715732487236760, 404582408385911344893160305610930280417908335276162071866904147197461710281, 1213747225157734034679480916832790841253725005828486215600712441592385130844, 3641241675473202104038442750498372523761175017485458646802137324777155392533, 10923725026419606312115328251495117571283525052456375940406411974331466177600, 32771175079258818936345984754485352713850575157369127821219235922994398532801, 98313525237776456809037954263456058141551725472107383463657707768983195598404, 294940575713329370427113862790368174424655176416322150390973123306949586795213, 884821727139988111281341588371104523273965529248966451172919369920848760385640, 2654465181419964333844024765113313569821896587746899353518758109762546281156921, 7963395544259893001532074295339940709465689763240698060556274329287638843470764, 23890186632779679004596222886019822128397069289722094181668822987862916530412293, 71670559898339037013788668658059466385191207869166282545006468963588749591236880, 215011679695017111041366005974178399155573623607498847635019406890766248773710641, 645035039085051333124098017922535197466720870822496542905058220672298746321131924, 1935105117255153999372294053767605592400162612467489628715174662016896238963395773, 5805315351765461998116882161302816777200487837402468886145523986050688716890187320, 17415946055296385994350646483908450331601463512207406658436571958152066150670561961, 52247838165889157983051939451725350994804390536622219975309715874456198452011685884, 156743514497667473949155818355176052984413171609866659925929147623368595356035057653, 470230543493002421847467455065528158953239514829599979777787442870105786068105172960, 1410691630479007265542402365196584476859718544488799939333362328610317358204315518881, 4232074891437021796627207095589753430579155633466399818000086985830952074612946556644, 12696224674311065389881621286769260291737466900399199454000260957492856223838839669933, 38088674022933196169644863860307780875212400701197598362000782872478568671516519009800, 114266022068799588508934591580923342625637202103592795086002348617435706014549557029401, 342798066206398765526803774742770027876911606310778385258007045852307118043648671088204, 1028394198619196296580411324228310083630734818932335155774021137556921354130946013264613, 3085182595857588889741233972684930250892204456797005467322063412670764062392838039793840, 9255547787572766669223701918054790752676613370391016401966190238012292187178514119381521, 27766643362718300007671105754164372258029840111173049205898570714036876561535542358144564, 83299930088154900023013317262493116774089520333519147617695712142110629684606627074433693, 249899790264464700069039951787479350322268561000557442853087136426331889053819881223301080, 749699370793394100207119855362438050966805683001672328559261409278995667161459643669903241, 2249098112380182300621359566087314152900417049005016985677784227836987001484378931009709724, 6747294337140546901864078698261942458701251147015050957033352683510961004453136793029129173, 20241883011421640705592236094785827376103753441045152871100058050532883013359410379087387520, 60725649034264922116776708284357482128311260323135458613300174151598649040078231137262162561, 182176947102794766350330124853072446384933780969406375839900522454795947120234693411786487684, 546530841308384299050990374559217339154801342908219127519701567364387841360704080235359463053, 1639592523925152897152971123677652017464404028724657382559104702093163524082112240706078389160, 4918777571775458691458913371032956052393212086173972147677314106279490572246336722118235167481, 14756332715326376074376740113098868157179636258521916443031942318838471716739010166354705502444, 44268998145979128223130220339296604471538908775565749329095826956515415150217030499064116507333, 132806994437937384669390661017889813414616726326697247987287480869546245450651091497192349522000, 398420983313812154008171983053669440243850178980091743961862442608638736351953274491577048566001, 1195262949941436462024515949161008320731550536940275231885587327825916209055859823474731145698004, 3585788849824309386073547847483024962194651610820825695656761983477748627167579470424193437094013, 10757366549472928158220643542449074886583954832462477086970285950433245881502738411272580311282040, 32272099648418784474661930627347224659751864497387431260910857851299737644508215233817740933846121, 96816298945256353423985791882041673979255593492162293782732573553899212933524645701453222801538364, 290448896835769060271957375646125021937766780476486881348197720661697638800573937104359668404615093, 871346690507307180815872126938375065813300341429460644044593161985092916401721811313079005213845280, 2614040071521921542447616380815125197439901024288381932133779485955278749205165433939237015641535841, 7842120214565764627342849142445375592319703072865145796401338457865836247615496301817711046924607524, 23526360643697293882028547427336126776959109218595437389204015373597508742846488905453133140773822573, 70579081931091881646085642282008380330877327655786312167612046120792526228539466716359399422321467720, 211737245793275644938256926846025140992631982967358936502836138362377578685618400149078198266964403161, 635211737379826934814770780538075422977895948902076809508508415087132736056855200447234594800893209484, 1905635212139480804444312341614226268933687846706230428525525245261398208170565601341703784402679628453, 5716905636418442413332937024842678806801063540118691285576575735784194624511696804025111353208038885360, 17150716909255327239998811074528036420403190620356073856729727207352583873535090412075334059624116656081, 51452150727765981719996433223584109261209571861068221570189181622057751620605271236226002178872349968244, 154356452183297945159989299670752327783628715583204664710567544866173254861815813708678006536617049904733, 463069356549893835479967899012256983350886146749613994131702634598519764585447441126034019609851149714200, 1389208069649681506439903697036770950052658440248841982395107903795559293756342323378102058829553449142601, 4167624208949044519319711091110312850157975320746525947185323711386677881269026970134306176488660347427804, 12502872626847133557959133273330938550473925962239577841555971134160033643807080910402918529465981042283413, 37508617880541400673877399819992815651421777886718733524667913402480100931421242731208755588397943126850240, 112525853641624202021632199459978446954265333660156200574003740207440302794263728193626266765193829380550721, 337577560924872606064896598379935340862796000980468601722011220622320908382791184580878800295581488141652164, 1012732682774617818194689795139806022588388002941405805166033661866962725148373553742636400886744464424956493, 3038198048323853454584069385419418067765164008824217415498100985600888175445120661227909202660233393274869480, 9114594144971560363752208156258254203295492026472652246494302956802664526335361983683727607980700179824608441, 27343782434914681091256624468774762609886476079417956739482908870407993579006085951051182823942100539473825324, 82031347304744043273769873406324287829659428238253870218448726611223980737018257853153548471826301618421475973, 246094041914232129821309620218972863488978284714761610655346179833671942211054773559460645415478904855264427920, 738282125742696389463928860656918590466934854144284831966038539501015826633164320678381936246436714565793283761, 2214846377228089168391786581970755771400804562432854495898115618503047479899492962035145808739310143697379851284, 6644539131684267505175359745912267314202413687298563487694346855509142439698478886105437426217930431092139553853, 19933617395052802515526079237736801942607241061895690463083040566527427319095436658316312278653791293276418661560, 59800852185158407546578237713210405827821723185687071389249121699582281957286309974948936835961373879829255984681, 179402556555475222639734713139631217483465169557061214167747365098746845871858929924846810507884121639487767954044, 538207669666425667919204139418893652450395508671183642503242095296240537615576789774540431523652364918463303862133, 1614623008999277003757612418256680957351186526013550927509726285888721612846730369323621294570957094755389911586400, 4843869026997831011272837254770042872053559578040652782529178857666164838540191107970863883712871284266169734759201, 14531607080993493033818511764310128616160678734121958347587536572998494515620573323912591651138613852798509204277604, 43594821242980479101455535292930385848482036202365875042762609718995483546861719971737774953415841558395527612832813, 130784463728941437304366605878791157545446108607097625128287829156986450640585159915213324860247524675186582838498440, 392353391186824311913099817636373472636338325821292875384863487470959351921755479745639974580742574025559748515495321, 1177060173560472935739299452909120417909014977463878626154590462412878055765266439236919923742227722076679245546485964, 3531180520681418807217898358727361253727044932391635878463771387238634167295799317710759771226683166230037736639457893, 10593541562044256421653695076182083761181134797174907635391314161715902501887397953132279313680049498690113209918373680, 31780624686132769264961085228546251283543404391524722906173942485147707505662193859396837941040148496070339629755121041, 95341874058398307794883255685638753850630213174574168718521827455443122516986581578190513823120445488211018889265363124, 286025622175194923384649767056916261551890639523722506155565482366329367550959744734571541469361336464633056667796089373, 858076866525584770153949301170748784655671918571167518466696447098988102652879234203714624408084009393899170003388268120, 2574230599576754310461847903512246353967015755713502555400089341296964307958637702611143873224252028181697510010164804361, 7722691798730262931385543710536739061901047267140507666200268023890892923875913107833431619672756084545092530030494413084, 23168075396190788794156631131610217185703141801421522998600804071672678771627739323500294859018268253635277590091483239253, 69504226188572366382469893394830651557109425404264568995802412215018036314883217970500884577054804760905832770274449717760, 208512678565717099147409680184491954671328276212793706987407236645054108944649653911502653731164414282717498310823349153281, 625538035697151297442229040553475864013984828638381120962221709935162326833948961734507961193493242848152494932470047459844, 1876614107091453892326687121660427592041954485915143362886665129805486980501846885203523883580479728544457484797410142379533, 5629842321274361676980061364981282776125863457745430088659995389416460941505540655610571650741439185633372454392230427138600, 16889526963823085030940184094943848328377590373236290265979986168249382824516621966831714952224317556900117363176691281415801, 50668580891469255092820552284831544985132771119708870797939958504748148473549865900495144856672952670700352089530073844247404, 152005742674407765278461656854494634955398313359126612393819875514244445420649597701485434570018858012101056268590221532742213, 456017228023223295835384970563483904866194940077379837181459626542733336261948793104456303710056574036303168805770664598226640, 1368051684069669887506154911690451714598584820232139511544378879628200008785846379313368911130169722108909506417311993794679921, 4104155052209009662518464735071355143795754460696418534633136638884600026357539137940106733390509166326728519251935981384039764, 12312465156627028987555394205214065431387263382089255603899409916653800079072617413820320200171527498980185557755807944152119293, 36937395469881086962666182615642196294161790146267766811698229749961400237217852241460960600514582496940556673267423832456357880, 110812186409643260887998547846926588882485370438803300435094689249884200711653556724382881801543747490821670019802271497369073641, 332436559228929782663995643540779766647456111316409901305284067749652602134960670173148645404631242472465010059406814492107220924, 997309677686789347991986930622339299942368333949229703915852203248957806404882010519445936213893727417395030178220443476321662773, 2991929033060368043975960791867017899827105001847689111747556609746873419214646031558337808641681182252185090534661330428964988320, 8975787099181104131927882375601053699481315005543067335242669829240620257643938094675013425925043546756555271603983991286894964961, 26927361297543312395783647126803161098443945016629202005728009487721860772931814284025040277775130640269665814811951973860684894884, 80782083892629937187350941380409483295331835049887606017184028463165582318795442852075120833325391920808997444435855921582054684653, 242346251677889811562052824141228449885995505149662818051552085389496746956386328556225362499976175762426992333307567764746164053960, 727038755033669434686158472423685349657986515448988454154656256168490240869158985668676087499928527287280976999922703294238492161881, 2181116265101008304058475417271056048973959546346965362463968768505470722607476957006028262499785581861842930999768109882715476485644, 6543348795303024912175426251813168146921878639040896087391906305516412167822430871018084787499356745585528792999304329648146429456933, 19630046385909074736526278755439504440765635917122688262175718916549236503467292613054254362498070236756586378997912988944439288370800, 58890139157727224209578836266318513322296907751368064786527156749647709510401877839162763087494210710269759136993738966833317865112401, 176670417473181672628736508798955539966890723254104194359581470248943128531205633517488289262482632130809277410981216900499953595337204, 530011252419545017886209526396866619900672169762312583078744410746829385593616900552464867787447896392427832232943650701499860786011613, 1590033757258635053658628579190599859702016509286937749236233232240488156780850701657394603362343689177283496698830952104499582358034840, 4770101271775905160975885737571799579106049527860813247708699696721464470342552104972183810087031067531850490096492856313498747074104521, 14310303815327715482927657212715398737318148583582439743126099090164393411027656314916551430261093202595551470289478568940496241222313564, 42930911445983146448782971638146196211954445750747319229378297270493180233082968944749654290783279607786654410868435706821488723666940693, 128792734337949439346348914914438588635863337252241957688134891811479540699248906834248962872349838823359963232605307120464466171000822080, 386378203013848318039046744743315765907590011756725873064404675434438622097746720502746888617049516470079889697815921361393398513002466241, 1159134609041544954117140234229947297722770035270177619193214026303315866293240161508240665851148549410239669093447764084180195539007398724, 3477403827124634862351420702689841893168310105810532857579642078909947598879720484524721997553445648230719007280343292252540586617022196173, 10432211481373904587054262108069525679504930317431598572738926236729842796639161453574165992660336944692157021841029876757621759851066588520, 31296634444121713761162786324208577038514790952294795718216778710189528389917484360722497977981010834076471065523089630272865279553199765561, 93889903332365141283488358972625731115544372856884387154650336130568585169752453082167493933943032502229413196569268890818595838659599296684, 281669709997095423850465076917877193346633118570653161463951008391705755509257359246502481801829097506688239589707806672455787515978797890053, 845009129991286271551395230753631580039899355711959484391853025175117266527772077739507445405487292520064718769123420017367362547936393670160, 2535027389973858814654185692260894740119698067135878453175559075525351799583316233218522336216461877560194156307370260052102087643809181010481, 7605082169921576443962557076782684220359094201407635359526677226576055398749948699655567008649385632680582468922110780156306262931427543031444, 22815246509764729331887671230348052661077282604222906078580031679728166196249846098966701025948156898041747406766332340468918788794282629094333, 68445739529294187995663013691044157983231847812668718235740095039184498588749538296900103077844470694125242220298997021406756366382847887283000, 205337218587882563986989041073132473949695543438006154707220285117553495766248614890700309233533412082375726660896991064220269099148543661849001, 616011655763647691960967123219397421849086630314018464121660855352660487298745844672100927700600236247127179982690973192660807297445630985547004, 1848034967290943075882901369658192265547259890942055392364982566057981461896237534016302783101800708741381539948072919577982421892336892956641013, 5544104901872829227648704108974576796641779672826166177094947698173944385688712602048908349305402126224144619844218758733947265677010678869923040, 16632314705618487682946112326923730389925339018478498531284843094521833157066137806146725047916206378672433859532656276201841797031032036609769121, 49896944116855463048838336980771191169776017055435495593854529283565499471198413418440175143748619136017301578597968828605525391093096109829307364, 149690832350566389146515010942313573509328051166306486781563587850696498413595240255320525431245857408051904735793906485816576173279288329487922093, 449072497051699167439545032826940720527984153498919460344690763552089495240785720765961576293737572224155714207381719457449728519837864988463766280, 1347217491155097502318635098480822161583952460496758381034072290656268485722357162297884728881212716672467142622145158372349185559513594965391298841, 4041652473465292506955905295442466484751857381490275143102216871968805457167071486893654186643638150017401427866435475117047556678540784896173896524, 12124957420395877520867715886327399454255572144470825429306650615906416371501214460680962559930914450052204283599306425351142670035622354688521689573, 36374872261187632562603147658982198362766716433412476287919951847719249114503643382042887679792743350156612850797919276053428010106867064065565068720, 109124616783562897687809442976946595088300149300237428863759855543157747343510930146128663039378230050469838552393757828160284030320601192196695206161, 327373850350688693063428328930839785264900447900712286591279566629473242030532790438385989118134690151409515657181273484480852090961803576590085618484, 982121551052066079190284986792519355794701343702136859773838699888419726091598371315157967354404070454228546971543820453442556272885410729770256855453, 2946364653156198237570854960377558067384104031106410579321516099665259178274795113945473902063212211362685640914631461360327668818656232189310770566360, 8839093959468594712712564881132674202152312093319231737964548298995777534824385341836421706189636634088056922743894384080983006455968696567932311699081, 26517281878405784138137694643398022606456936279957695213893644896987332604473156025509265118568909902264170768231683152242949019367906089703796935097244, 79551845635217352414413083930194067819370808839873085641680934690961997813419468076527795355706729706792512304695049456728847058103718269111390805291733, 238655536905652057243239251790582203458112426519619256925042804072885993440258404229583386067120189120377536914085148370186541174311154807334172415875200, 715966610716956171729717755371746610374337279558857770775128412218657980320775212688750158201360567361132610742255445110559623522933464422002517247625601, 2147899832150868515189153266115239831123011838676573312325385236655973940962325638066250474604081702083397832226766335331678870568800393266007551742876804, 6443699496452605545567459798345719493369035516029719936976155709967921822886976914198751423812245106250193496680299005995036611706401179798022655228630413, 19331098489357816636702379395037158480107106548089159810928467129903765468660930742596254271436735318750580490040897017985109835119203539394067965685891240, 57993295468073449910107138185111475440321319644267479432785401389711296405982792227788762814310205956251741470122691053955329505357610618182203897057673721, 173979886404220349730321414555334426320963958932802438298356204169133889217948376683366288442930617868755224410368073161865988516072831854546611691173021164, 521939659212661049190964243666003278962891876798407314895068612507401667653845130050098865328791853606265673231104219485597965548218495563639835073519063493, 1565818977637983147572892730998009836888675630395221944685205837522205002961535390150296595986375560818797019693312658456793896644655486690919505220557190480, 4697456932913949442718678192994029510666026891185665834055617512566615008884606170450889787959126682456391059079937975370381689933966460072758515661671571441, 14092370798741848328156034578982088531998080673556997502166852537699845026653818511352669363877380047369173177239813926111145069801899380218275546985014714324, 42277112396225544984468103736946265595994242020670992506500557613099535079961455534058008091632140142107519531719441778333435209405698140654826640955044142973, 126831337188676634953404311210838796787982726062012977519501672839298605239884366602174024274896420426322558595158325335000305628217094421964479922865132428920, 380494011566029904860212933632516390363948178186038932558505018517895815719653099806522072824689261278967675785474976005000916884651283265893439768595397286761, 1141482034698089714580638800897549171091844534558116797675515055553687447158959299419566218474067783836903027356424928015002750653953849797680319305786191860284}
Match? â NO
Î½_p(D) = n (jump index)? â NO
Î½_p(N) = n-1? â NO

FindSequenceFunction on k-values:
-2 + 3*n

FindLinearRecurrence on k-values:
Recurrence: {2, -1}


>>> PRIME p=5 <<<
Tracking valuations for p=5 up to k=1000
  Generating hybrid states...
  â Generated 1001 states
  Extracting valuations...
    Progress: k=200/1000
    Progress: k=400/1000
    Progress: k=600/1000
    Progress: k=800/1000
    Progress: k=1000/1000
  â Tracked 1000 terms

=== JUMP PATTERN ANALYSIS FOR p=5 ===
Number of jumps: 201

Jump points:
n	k	2k+1	Î½_p(D)	Î½_p(N)	Diff
1	1	3	0	0	0
2	2	5	1	0	1
3	7	15	2	1	1
4	12	25	4	3	1
5	17	35	5	4	1
6	22	45	6	5	1
7	27	55	7	6	1
8	32	65	8	7	1
9	37	75	10	9	1
10	42	85	11	10	1
11	47	95	12	11	1
12	52	105	13	12	1
13	57	115	14	13	1
14	62	125	17	16	1
15	67	135	18	17	1
16	72	145	19	18	1
17	77	155	20	19	1
18	82	165	21	20	1
19	87	175	23	22	1
20	92	185	24	23	1

=== SEQUENCES ===
k-values: {1, 2, 7, 12, 17, 22, 27, 32, 37, 42, 47, 52, 57, 62, 67, 72, 77, 82, 87, 92, 97, 102, 107, 112, 117, 122, 127, 132, 137, 142, 147, 152, 157, 162, 167, 172, 177, 182, 187, 192, 197, 202, 207, 212, 217, 222, 227, 232, 237, 242, 247, 252, 257, 262, 267, 272, 277, 282, 287, 292, 297, 302, 307, 312, 317, 322, 327, 332, 337, 342, 347, 352, 357, 362, 367, 372, 377, 382, 387, 392, 397, 402, 407, 412, 417, 422, 427, 432, 437, 442, 447, 452, 457, 462, 467, 472, 477, 482, 487, 492, 497, 502, 507, 512, 517, 522, 527, 532, 537, 542, 547, 552, 557, 562, 567, 572, 577, 582, 587, 592, 597, 602, 607, 612, 617, 622, 627, 632, 637, 642, 647, 652, 657, 662, 667, 672, 677, 682, 687, 692, 697, 702, 707, 712, 717, 722, 727, 732, 737, 742, 747, 752, 757, 762, 767, 772, 777, 782, 787, 792, 797, 802, 807, 812, 817, 822, 827, 832, 837, 842, 847, 852, 857, 862, 867, 872, 877, 882, 887, 892, 897, 902, 907, 912, 917, 922, 927, 932, 937, 942, 947, 952, 957, 962, 967, 972, 977, 982, 987, 992, 997}
Î½_p(D): {0, 1, 2, 4, 5, 6, 7, 8, 10, 11, 12, 13, 14, 17, 18, 19, 20, 21, 23, 24, 25, 26, 27, 29, 30, 31, 32, 33, 35, 36, 37, 38, 39, 41, 42, 43, 44, 45, 48, 49, 50, 51, 52, 54, 55, 56, 57, 58, 60, 61, 62, 63, 64, 66, 67, 68, 69, 70, 72, 73, 74, 75, 76, 80, 81, 82, 83, 84, 86, 87, 88, 89, 90, 92, 93, 94, 95, 96, 98, 99, 100, 101, 102, 104, 105, 106, 107, 108, 111, 112, 113, 114, 115, 117, 118, 119, 120, 121, 123, 124, 125, 126, 127, 129, 130, 131, 132, 133, 135, 136, 137, 138, 139, 142, 143, 144, 145, 146, 148, 149, 150, 151, 152, 154, 155, 156, 157, 158, 160, 161, 162, 163, 164, 166, 167, 168, 169, 170, 173, 174, 175, 176, 177, 179, 180, 181, 182, 183, 185, 186, 187, 188, 189, 191, 192, 193, 194, 195, 197, 198, 199, 200, 201, 204, 205, 206, 207, 208, 210, 211, 212, 213, 214, 216, 217, 218, 219, 220, 222, 223, 224, 225, 226, 228, 229, 230, 231, 232, 236, 237, 238, 239, 240, 242, 243, 244, 245, 246, 248, 249, 250}
Î½_p(N): {0, 0, 1, 3, 4, 5, 6, 7, 9, 10, 11, 12, 13, 16, 17, 18, 19, 20, 22, 23, 24, 25, 26, 28, 29, 30, 31, 32, 34, 35, 36, 37, 38, 40, 41, 42, 43, 44, 47, 48, 49, 50, 51, 53, 54, 55, 56, 57, 59, 60, 61, 62, 63, 65, 66, 67, 68, 69, 71, 72, 73, 74, 75, 79, 80, 81, 82, 83, 85, 86, 87, 88, 89, 91, 92, 93, 94, 95, 97, 98, 99, 100, 101, 103, 104, 105, 106, 107, 110, 111, 112, 113, 114, 116, 117, 118, 119, 120, 122, 123, 124, 125, 126, 128, 129, 130, 131, 132, 134, 135, 136, 137, 138, 141, 142, 143, 144, 145, 147, 148, 149, 150, 151, 153, 154, 155, 156, 157, 159, 160, 161, 162, 163, 165, 166, 167, 168, 169, 172, 173, 174, 175, 176, 178, 179, 180, 181, 182, 184, 185, 186, 187, 188, 190, 191, 192, 193, 194, 196, 197, 198, 199, 200, 203, 204, 205, 206, 207, 209, 210, 211, 212, 213, 215, 216, 217, 218, 219, 221, 222, 223, 224, 225, 227, 228, 229, 230, 231, 235, 236, 237, 238, 239, 241, 242, 243, 244, 245, 247, 248, 249}
Differences: {0, 1, 1, 1, 1, 1, 1, 1, 1, 1, 1, 1, 1, 1, 1, 1, 1, 1, 1, 1, 1, 1, 1, 1, 1, 1, 1, 1, 1, 1, 1, 1, 1, 1, 1, 1, 1, 1, 1, 1, 1, 1, 1, 1, 1, 1, 1, 1, 1, 1, 1, 1, 1, 1, 1, 1, 1, 1, 1, 1, 1, 1, 1, 1, 1, 1, 1, 1, 1, 1, 1, 1, 1, 1, 1, 1, 1, 1, 1, 1, 1, 1, 1, 1, 1, 1, 1, 1, 1, 1, 1, 1, 1, 1, 1, 1, 1, 1, 1, 1, 1, 1, 1, 1, 1, 1, 1, 1, 1, 1, 1, 1, 1, 1, 1, 1, 1, 1, 1, 1, 1, 1, 1, 1, 1, 1, 1, 1, 1, 1, 1, 1, 1, 1, 1, 1, 1, 1, 1, 1, 1, 1, 1, 1, 1, 1, 1, 1, 1, 1, 1, 1, 1, 1, 1, 1, 1, 1, 1, 1, 1, 1, 1, 1, 1, 1, 1, 1, 1, 1, 1, 1, 1, 1, 1, 1, 1, 1, 1, 1, 1, 1, 1, 1, 1, 1, 1, 1, 1, 1, 1, 1, 1, 1, 1, 1, 1, 1, 1, 1, 1}

=== VERIFICATION ===
All differences = 1? â NO

=== PATTERN DETECTION ===
Expected k if k = (p^n - 1)/2: {2, 12, 62, 312, 1562, 7812, 39062, 195312, 976562, 4882812, 24414062, 122070312, 610351562, 3051757812, 15258789062, 76293945312, 381469726562, 1907348632812, 9536743164062, 47683715820312, 238418579101562, 1192092895507812, 5960464477539062, 29802322387695312, 149011611938476562, 745058059692382812, 3725290298461914062, 18626451492309570312, 93132257461547851562, 465661287307739257812, 2328306436538696289062, 11641532182693481445312, 58207660913467407226562, 291038304567337036132812, 1455191522836685180664062, 7275957614183425903320312, 36379788070917129516601562, 181898940354585647583007812, 909494701772928237915039062, 4547473508864641189575195312, 22737367544323205947875976562, 113686837721616029739379882812, 568434188608080148696899414062, 2842170943040400743484497070312, 14210854715202003717422485351562, 71054273576010018587112426757812, 355271367880050092935562133789062, 1776356839400250464677810668945312, 8881784197001252323389053344726562, 44408920985006261616945266723632812, 222044604925031308084726333618164062, 1110223024625156540423631668090820312, 5551115123125782702118158340454101562, 27755575615628913510590791702270507812, 138777878078144567552953958511352539062, 693889390390722837764769792556762695312, 3469446951953614188823848962783813476562, 17347234759768070944119244813919067382812, 86736173798840354720596224069595336914062, 433680868994201773602981120347976684570312, 2168404344971008868014905601739883422851562, 10842021724855044340074528008699417114257812, 54210108624275221700372640043497085571289062, 271050543121376108501863200217485427856445312, 1355252715606880542509316001087427139282226562, 6776263578034402712546580005437135696411132812, 33881317890172013562732900027185678482055664062, 169406589450860067813664500135928392410278320312, 847032947254300339068322500679641962051391601562, 4235164736271501695341612503398209810256958007812, 21175823681357508476708062516991049051284790039062, 105879118406787542383540312584955245256423950195312, 529395592033937711917701562924776226282119750976562, 2646977960169688559588507814623881131410598754882812, 13234889800848442797942539073119405657052993774414062, 66174449004242213989712695365597028285264968872070312, 330872245021211069948563476827985141426324844360351562, 1654361225106055349742817384139925707131624221801757812, 8271806125530276748714086920699628535658121109008789062, 41359030627651383743570434603498142678290605545043945312, 206795153138256918717852173017490713391453027725219726562, 1033975765691284593589260865087453566957265138626098632812, 5169878828456422967946304325437267834786325693130493164062, 25849394142282114839731521627186339173931628465652465820312, 129246970711410574198657608135931695869658142328262329101562, 646234853557052870993288040679658479348290711641311645507812, 3231174267785264354966440203398292396741453558206558227539062, 16155871338926321774832201016991461983707267791032791137695312, 80779356694631608874161005084957309918536338955163955688476562, 403896783473158044370805025424786549592681694775819778442382812, 2019483917365790221854025127123932747963408473879098892211914062, 10097419586828951109270125635619663739817042369395494461059570312, 50487097934144755546350628178098318699085211846977472305297851562, 252435489670723777731753140890491593495426059234887361526489257812, 1262177448353618888658765704452457967477130296174436807632446289062, 6310887241768094443293828522262289837385651480872184038162231445312, 31554436208840472216469142611311449186928257404360920190811157226562, 157772181044202361082345713056557245934641287021804600954055786132812, 788860905221011805411728565282786229673206435109023004770278930664062, 3944304526105059027058642826413931148366032175545115023851394653320312, 19721522630525295135293214132069655741830160877725575119256973266601562, 98607613152626475676466070660348278709150804388627875596284866333007812, 493038065763132378382330353301741393545754021943139377981424331665039062, 2465190328815661891911651766508706967728770109715696889907121658325195312, 12325951644078309459558258832543534838643850548578484449535608291625976562, 61629758220391547297791294162717674193219252742892422247678041458129882812, 308148791101957736488956470813588370966096263714462111238390207290649414062, 1540743955509788682444782354067941854830481318572310556191951036453247070312, 7703719777548943412223911770339709274152406592861552780959755182266235351562, 38518598887744717061119558851698546370762032964307763904798775911331176757812, 192592994438723585305597794258492731853810164821538819523993879556655883789062, 962964972193617926527988971292463659269050824107694097619969397783279418945312, 4814824860968089632639944856462318296345254120538470488099846988916397094726562, 24074124304840448163199724282311591481726270602692352440499234944581985473632812, 120370621524202240815998621411557957408631353013461762202496174722909927368164062, 601853107621011204079993107057789787043156765067308811012480873614549636840820312, 3009265538105056020399965535288948935215783825336544055062404368072748184204101562, 15046327690525280101999827676444744676078919126682720275312021840363740921020507812, 75231638452626400509999138382223723380394595633413601376560109201818704605102539062, 376158192263132002549995691911118616901972978167068006882800546009093523025512695312, 1880790961315660012749978459555593084509864890835340034414002730045467615127563476562, 9403954806578300063749892297777965422549324454176700172070013650227338075637817382812, 47019774032891500318749461488889827112746622270883500860350068251136690378189086914062, 235098870164457501593747307444449135563733111354417504301750341255683451890945434570312, 1175494350822287507968736537222245677818665556772087521508751706278417259454727172851562, 5877471754111437539843682686111228389093327783860437607543758531392086297273635864257812, 29387358770557187699218413430556141945466638919302188037718792656960431486368179321289062, 146936793852785938496092067152780709727333194596510940188593963284802157431840896606445312, 734683969263929692480460335763903548636665972982554700942969816424010787159204483032226562, 3673419846319648462402301678819517743183329864912773504714849082120053935796022415161132812, 18367099231598242312011508394097588715916649324563867523574245410600269678980112075805664062, 91835496157991211560057541970487943579583246622819337617871227053001348394900560379028320312, 459177480789956057800287709852439717897916233114096688089356135265006741974502801895141601562, 2295887403949780289001438549262198589489581165570483440446780676325033709872514009475708007812, 11479437019748901445007192746310992947447905827852417202233903381625168549362570047378540039062, 57397185098744507225035963731554964737239529139262086011169516908125842746812850236892700195312, 286985925493722536125179818657774823686197645696310430055847584540629213734064251184463500976562, 1434929627468612680625899093288874118430988228481552150279237922703146068670321255922317504882812, 7174648137343063403129495466444370592154941142407760751396189613515730343351606279611587524414062, 35873240686715317015647477332221852960774705712038803756980948067578651716758031398057937622070312, 179366203433576585078237386661109264803873528560194018784904740337893258583790156990289688110351562, 896831017167882925391186933305546324019367642800970093924523701689466292918950784951448440551757812, 4484155085839414626955934666527731620096838214004850469622618508447331464594753924757242202758789062, 22420775429197073134779673332638658100484191070024252348113092542236657322973769623786211013793945312, 112103877145985365673898366663193290502420955350121261740565462711183286614868848118931055068969726562, 560519385729926828369491833315966452512104776750606308702827313555916433074344240594655275344848632812, 2802596928649634141847459166579832262560523883753031543514136567779582165371721202973276376724243164062, 14012984643248170709237295832899161312802619418765157717570682838897910826858606014866381883621215820312, 70064923216240853546186479164495806564013097093825788587853414194489554134293030074331909418106079101562, 350324616081204267730932395822479032820065485469128942939267070972447770671465150371659547090530395507812, 1751623080406021338654661979112395164100327427345644714696335354862238853357325751858297735452651977539062, 8758115402030106693273309895561975820501637136728223573481676774311194266786628759291488677263259887695312, 43790577010150533466366549477809879102508185683641117867408383871555971333933143796457443386316299438476562, 218952885050752667331832747389049395512540928418205589337041919357779856669665718982287216931581497192382812, 1094764425253763336659163736945246977562704642091027946685209596788899283348328594911436084657907485961914062, 5473822126268816683295818684726234887813523210455139733426047983944496416741642974557180423289537429809570312, 27369110631344083416479093423631174439067616052275698667130239919722482083708214872785902116447687149047851562, 136845553156720417082395467118155872195338080261378493335651199598612410418541074363929510582238435745239257812, 684227765783602085411977335590779360976690401306892466678255997993062052092705371819647552911192178726196289062, 3421138828918010427059886677953896804883452006534462333391279989965310260463526859098237764555960893630981445312, 17105694144590052135299433389769484024417260032672311666956399949826551302317634295491188822779804468154907226562, 85528470722950260676497166948847420122086300163361558334781999749132756511588171477455944113899022340774536132812, 427642353614751303382485834744237100610431500816807791673909998745663782557940857387279720569495111703872680664062, 2138211768073756516912429173721185503052157504084038958369549993728318912789704286936398602847475558519363403320312, 10691058840368782584562145868605927515260787520420194791847749968641594563948521434681993014237377792596817016601562, 53455294201843912922810729343029637576303937602100973959238749843207972819742607173409965071186888962984085083007812, 267276471009219564614053646715148187881519688010504869796193749216039864098713035867049825355934444814920425415039062, 1336382355046097823070268233575740939407598440052524348980968746080199320493565179335249126779672224074602127075195312, 6681911775230489115351341167878704697037992200262621744904843730400996602467825896676245633898361120373010635375976562, 33409558876152445576756705839393523485189961001313108724524218652004983012339129483381228169491805601865053176879882812, 167047794380762227883783529196967617425949805006565543622621093260024915061695647416906140847459028009325265884399414062, 835238971903811139418917645984838087129749025032827718113105466300124575308478237084530704237295140046626329421997070312, 4176194859519055697094588229924190435648745125164138590565527331500622876542391185422653521186475700233131647109985351562, 20880974297595278485472941149620952178243725625820692952827636657503114382711955927113267605932378501165658235549926757812, 104404871487976392427364705748104760891218628129103464764138183287515571913559779635566338029661892505828291177749633789062, 522024357439881962136823528740523804456093140645517323820690916437577859567798898177831690148309462529141455888748168945312, 2610121787199409810684117643702619022280465703227586619103454582187889297838994490889158450741547312645707279443740844726562, 13050608935997049053420588218513095111402328516137933095517272910939446489194972454445792253707736563228536397218704223632812, 65253044679985245267102941092565475557011642580689665477586364554697232445974862272228961268538682816142681986093521118164062, 326265223399926226335514705462827377785058212903448327387931822773486162229874311361144806342693414080713409930467605590820312, 1631326116999631131677573527314136888925291064517241636939659113867430811149371556805724031713467070403567049652338027954101562, 8156630584998155658387867636570684444626455322586208184698295569337154055746857784028620158567335352017835248261690139770507812, 40783152924990778291939338182853422223132276612931040923491477846685770278734288920143100792836676760089176241308450698852539062, 203915764624953891459696690914267111115661383064655204617457389233428851393671444600715503964183383800445881206542253494262695312, 1019578823124769457298483454571335555578306915323276023087286946167144256968357223003577519820916919002229406032711267471313476562, 5097894115623847286492417272856677777891534576616380115436434730835721284841786115017887599104584595011147030163556337356567382812, 25489470578119236432462086364283388889457672883081900577182173654178606424208930575089437995522922975055735150817781686782836914062, 127447352890596182162310431821416944447288364415409502885910868270893032121044652875447189977614614875278675754088908433914184570312, 637236764452980910811552159107084722236441822077047514429554341354465160605223264377235949888073074376393378770444542169570922851562, 3186183822264904554057760795535423611182209110385237572147771706772325803026116321886179749440365371881966893852222710847854614257812, 15930919111324522770288803977677118055911045551926187860738858533861629015130581609430898747201826859409834469261113554239273071289062, 79654595556622613851444019888385590279555227759630939303694292669308145075652908047154493736009134297049172346305567771196365356445312, 398272977783113069257220099441927951397776138798154696518471463346540725378264540235772468680045671485245861731527838855981826782226562, 1991364888915565346286100497209639756988880693990773482592357316732703626891322701178862343400228357426229308657639194279909133911132812, 9956824444577826731430502486048198784944403469953867412961786583663518134456613505894311717001141787131146543288195971399545669555664062, 49784122222889133657152512430240993924722017349769337064808932918317590672283067529471558585005708935655732716440979856997728347778320312, 248920611114445668285762562151204969623610086748846685324044664591587953361415337647357792925028544678278663582204899284988641738891601562, 1244603055572228341428812810756024848118050433744233426620223322957939766807076688236788964625142723391393317911024496424943208694458007812, 6223015277861141707144064053780124240590252168721167133101116614789698834035383441183944823125713616956966589555122482124716043472290039062, 31115076389305708535720320268900621202951260843605835665505583073948494170176917205919724115628568084784832947775612410623580217361450195312, 155575381946528542678601601344503106014756304218029178327527915369742470850884586029598620578142840423924164738878062053117901086807250976562}
Match? â NO
Î½_p(D) = n (jump index)? â NO
Î½_p(N) = n-1? â NO

FindSequenceFunction on k-values:
Product[2 + DifferenceRoot[Function[{, }, {25 + (-40 + 65* - 25*^2)*[] + (36 - 75* + 25*^2)*[1 + ] + (4 + 10*)*[2 + ] == 0, [1] == 0, [2] == 3/2}]][K[1]], {K[1], 1, -1 + n}]

FindLinearRecurrence on k-values:
Recurrence: FindLinearRecurrence[{1, 2, 7, 12, 17, 22, 27, 32, 37, 42, 47, 52, 57, 62, 67, 72, 77, 82, 87, 92, 97, 102, 107, 112, 117, 122, 127, 132, 137, 142, 147, 152, 157, 162, 167, 172, 177, 182, 187, 192, 197, 202, 207, 212, 217, 222, 227, 232, 237, 242, 247, 252, 257, 262, 267, 272, 277, 282, 287, 292, 297, 302, 307, 312, 317, 322, 327, 332, 337, 342, 347, 352, 357, 362, 367, 372, 377, 382, 387, 392, 397, 402, 407, 412, 417, 422, 427, 432, 437, 442, 447, 452, 457, 462, 467, 472, 477, 482, 487, 492, 497, 502, 507, 512, 517, 522, 527, 532, 537, 542, 547, 552, 557, 562, 567, 572, 577, 582, 587, 592, 597, 602, 607, 612, 617, 622, 627, 632, 637, 642, 647, 652, 657, 662, 667, 672, 677, 682, 687, 692, 697, 702, 707, 712, 717, 722, 727, 732, 737, 742, 747, 752, 757, 762, 767, 772, 777, 782, 787, 792, 797, 802, 807, 812, 817, 822, 827, 832, 837, 842, 847, 852, 857, 862, 867, 872, 877, 882, 887, 892, 897, 902, 907, 912, 917, 922, 927, 932, 937, 942, 947, 952, 957, 962, 967, 972, 977, 982, 987, 992, 997}]


>>> PRIME p=7 <<<
Tracking valuations for p=7 up to k=1000
  Generating hybrid states...
  â Generated 1001 states
  Extracting valuations...
    Progress: k=200/1000
    Progress: k=400/1000
    Progress: k=600/1000
    Progress: k=800/1000
    Progress: k=1000/1000
  â Tracked 1000 terms

=== JUMP PATTERN ANALYSIS FOR p=7 ===
Number of jumps: 144

Jump points:
n	k	2k+1	Î½_p(D)	Î½_p(N)	Diff
1	1	3	0	0	0
2	3	7	1	0	1
3	10	21	2	1	1
4	17	35	3	2	1
5	24	49	5	4	1
6	31	63	6	5	1
7	38	77	7	6	1
8	45	91	8	7	1
9	52	105	9	8	1
10	59	119	10	9	1
11	66	133	11	10	1
12	73	147	13	12	1
13	80	161	14	13	1
14	87	175	15	14	1
15	94	189	16	15	1
16	101	203	17	16	1
17	108	217	18	17	1
18	115	231	19	18	1
19	122	245	21	20	1
20	129	259	22	21	1

=== SEQUENCES ===
k-values: {1, 3, 10, 17, 24, 31, 38, 45, 52, 59, 66, 73, 80, 87, 94, 101, 108, 115, 122, 129, 136, 143, 150, 157, 164, 171, 178, 185, 192, 199, 206, 213, 220, 227, 234, 241, 248, 255, 262, 269, 276, 283, 290, 297, 304, 311, 318, 325, 332, 339, 346, 353, 360, 367, 374, 381, 388, 395, 402, 409, 416, 423, 430, 437, 444, 451, 458, 465, 472, 479, 486, 493, 500, 507, 514, 521, 528, 535, 542, 549, 556, 563, 570, 577, 584, 591, 598, 605, 612, 619, 626, 633, 640, 647, 654, 661, 668, 675, 682, 689, 696, 703, 710, 717, 724, 731, 738, 745, 752, 759, 766, 773, 780, 787, 794, 801, 808, 815, 822, 829, 836, 843, 850, 857, 864, 871, 878, 885, 892, 899, 906, 913, 920, 927, 934, 941, 948, 955, 962, 969, 976, 983, 990, 997}
Î½_p(D): {0, 1, 2, 3, 5, 6, 7, 8, 9, 10, 11, 13, 14, 15, 16, 17, 18, 19, 21, 22, 23, 24, 25, 26, 27, 30, 31, 32, 33, 34, 35, 36, 38, 39, 40, 41, 42, 43, 44, 46, 47, 48, 49, 50, 51, 52, 54, 55, 56, 57, 58, 59, 60, 62, 63, 64, 65, 66, 67, 68, 70, 71, 72, 73, 74, 75, 76, 78, 79, 80, 81, 82, 83, 84, 87, 88, 89, 90, 91, 92, 93, 95, 96, 97, 98, 99, 100, 101, 103, 104, 105, 106, 107, 108, 109, 111, 112, 113, 114, 115, 116, 117, 119, 120, 121, 122, 123, 124, 125, 127, 128, 129, 130, 131, 132, 133, 135, 136, 137, 138, 139, 140, 141, 144, 145, 146, 147, 148, 149, 150, 152, 153, 154, 155, 156, 157, 158, 160, 161, 162, 163, 164, 165, 166}
Î½_p(N): {0, 0, 1, 2, 4, 5, 6, 7, 8, 9, 10, 12, 13, 14, 15, 16, 17, 18, 20, 21, 22, 23, 24, 25, 26, 29, 30, 31, 32, 33, 34, 35, 37, 38, 39, 40, 41, 42, 43, 45, 46, 47, 48, 49, 50, 51, 53, 54, 55, 56, 57, 58, 59, 61, 62, 63, 64, 65, 66, 67, 69, 70, 71, 72, 73, 74, 75, 77, 78, 79, 80, 81, 82, 83, 86, 87, 88, 89, 90, 91, 92, 94, 95, 96, 97, 98, 99, 100, 102, 103, 104, 105, 106, 107, 108, 110, 111, 112, 113, 114, 115, 116, 118, 119, 120, 121, 122, 123, 124, 126, 127, 128, 129, 130, 131, 132, 134, 135, 136, 137, 138, 139, 140, 143, 144, 145, 146, 147, 148, 149, 151, 152, 153, 154, 155, 156, 157, 159, 160, 161, 162, 163, 164, 165}
Differences: {0, 1, 1, 1, 1, 1, 1, 1, 1, 1, 1, 1, 1, 1, 1, 1, 1, 1, 1, 1, 1, 1, 1, 1, 1, 1, 1, 1, 1, 1, 1, 1, 1, 1, 1, 1, 1, 1, 1, 1, 1, 1, 1, 1, 1, 1, 1, 1, 1, 1, 1, 1, 1, 1, 1, 1, 1, 1, 1, 1, 1, 1, 1, 1, 1, 1, 1, 1, 1, 1, 1, 1, 1, 1, 1, 1, 1, 1, 1, 1, 1, 1, 1, 1, 1, 1, 1, 1, 1, 1, 1, 1, 1, 1, 1, 1, 1, 1, 1, 1, 1, 1, 1, 1, 1, 1, 1, 1, 1, 1, 1, 1, 1, 1, 1, 1, 1, 1, 1, 1, 1, 1, 1, 1, 1, 1, 1, 1, 1, 1, 1, 1, 1, 1, 1, 1, 1, 1, 1, 1, 1, 1, 1, 1}

=== VERIFICATION ===
All differences = 1? â NO

=== PATTERN DETECTION ===
Expected k if k = (p^n - 1)/2: {3, 24, 171, 1200, 8403, 58824, 411771, 2882400, 20176803, 141237624, 988663371, 6920643600, 48444505203, 339111536424, 2373780754971, 16616465284800, 116315256993603, 814206798955224, 5699447592686571, 39896133148806000, 279272932041642003, 1954910524291494024, 13684373670040458171, 95790615690283207200, 670534309831982450403, 4693740168823877152824, 32856181181767140069771, 229993268272369980488400, 1609952877906589863418803, 11269670145346129043931624, 78887691017422903307521371, 552213837121960323152649600, 3865496859853722262068547203, 27058478018976055834479830424, 189409346132832390841358812971, 1325865422929826735889511690800, 9281057960508787151226581835603, 64967405723561510058586072849224, 454771840064930570410102509944571, 3183402880454513992870717569612000, 22283820163181597950095022987284003, 155986741142271185650665160910988024, 1091907187995898299554656126376916171, 7643350315971288096882592884638413200, 53503452211799016678178150192468892403, 374524165482593116747247051347282246824, 2621669158378151817230729359430975727771, 18351684108647062720615105516016830094400, 128461788760529439044305738612117810660803, 899232521323706073310140170284824674625624, 6294627649265942513170981191993772722379371, 44062393544861597592196868343956409056655600, 308436754814031183145378078407694863396589203, 2159057283698218282017646548853864043776124424, 15113400985887527974123525841977048306432870971, 105793806901212695818864680893839338145030096800, 740556648308488870732052766256875367015210677603, 5183896538159422095124369363798127569106474743224, 36287275767115954665870585546586892983745323202571, 254010930369811682661094098826108250886217262418000, 1778076512588681778627658691782757756203520836926003, 12446535588120772450393610842479304293424645858482024, 87125749116845407152755275897355130053972521009374171, 609880243817917850069286931281485910377807647065619200, 4269161706725424950485008518970401372644653529459334403, 29884131947077974653395059632792809608512574706215340824, 209188923629545822573765417429549667259588022943507385771, 1464322465406820758016357922006847670817116160604551700400, 10250257257847745306114505454047933695719813124231861902803, 71751800804934217142801538178335535870038691869623033319624, 502262605634539519999610767248348751090270843087361233237371, 3515838239441776639997275370738441257631895901611528632661600, 24610867676092436479980927595169088803423271311280700428631203, 172276073732647055359866493166183621623962899178964903000418424, 1205932516128529387519065452163285351367740294252754321002928971, 8441527612899705712633458165142997459574182059769280247020502800, 59090693290297939988434207156000982217019274418384961729143519603, 413634853032085579919039450092006875519134920928694732104004637224, 2895443971224599059433276150644048128633944446500863124728032460571, 20268107798572193416032933054508336900437611125506041873096227224000, 141876754590005353912230531381558358303063277878542293111673590568003, 993137282130037477385613719670908508121442945149796051781715133976024, 6951960974910262341699296037696359556850100616048572362472005937832171, 48663726824371836391895072263874516897950704312340006537304041564825200, 340646087770602854743265505847121618285654930186380045761128290953776403, 2384522614394219983202858540929851327999584511304660320327898036676434824, 16691658300759539882420009786508959295997091579132622242295286256735043771, 116841608105316779176940068505562715071979641053928355696067003797145306400, 817891256737217454238580479538939005503857487377498489872469026580017144803, 5725238797160522179670063356772573038527002411642489429107283186060120013624, 40076671580123655257690443497408011269689016881497426003750982302420840095371, 280536701060865586803833104481856078887823118170481982026256876116945880667600, 1963756907426059107626831731372992552214761827193373874183798132818621164673203, 13746298351982413753387822119610947865503332790353617119286586929730348152712424, 96224088463876896273714754837276635058523329532475319835006108508112437068986971, 673568619247138273916003283860936445409663306727327238845042759556787059482908800, 4714980334729967917412022987026555117867643147091290671915299316897509416380361603, 33004862343109775421884160909185885825073502029639034703407095218282565914662531224, 231034036401768427953189126364301200775514514207473242923849666527977961402637718571, 1617238254812378995672323884550108405428601599452312700466947665695845729818464030000, 11320667783686652969706267191850758838000211196166188903268633659870920108729248210003, 79244674485806570787943870342955311866001478373163322322880435619096440761104737470024, 554712721400645995515607092400687183062010348612143256260163049333675085327733162290171, 3882989049804521968609249646804810281434072440285002793821141345335725597294132136031200, 27180923348631653780264747527633671970038507081995019556747989417350079181058924952218403, 190266463440421576461853232693435703790269549573965136897235925921450554267412474665528824, 1331865244082951035232972628854049926531886847017755958280651481450153879871887322658701771, 9323056708580657246630808401978349485723207929124291707964560370151077159103211258610912400, 65261396960064600726415658813848446400062455503870041955751922591057540113722478810276386803, 456829778720452205084909611696939124800437188527090293690263458137402780796057351671934707624, 3197808451043165435594367281878573873603060319689632055831844206961819465572401461703542953371, 22384659157302158049160570973150017115221422237827424390822909448732736259006810231924800673600, 156692614101115106344123996812050119806549955664791970735760366141129153813047671623473604715203, 1096848298707805744408867977684350838645849689653543795150322562987904076691333701364315233006424, 7677938090954640210862075843790455870520947827574806566052257940915328536839335909550206631044971, 53745566636682481476034530906533191093646634793023645962365805586407299757875351366851446417314800, 376218966456777370332241716345732337655526443551165521736560639104851098305127459567960124921203603, 2633532765197441592325692014420126363588685104858158652155924473733957688135892216975720874448425224, 18434729356382091146279844100940884545120795734007110565091471316137703816951245518830046121138976571, 129043105494674638023958908706586191815845570138049773955640299212963926718658718631810322847972836000, 903301738462722466167712360946103342710918990966348417689482094490747487030611030422672259935809852003, 6323112169239057263173986526622723398976432936764438923826374661435232409214277212958705819550668964024, 44261785184673400842217905686359063792835030557351072466784622630046626864499940490710940736854682748171, 309832496292713805895525339804513446549845213901457507267492358410326388051499583434976585157982779237200, 2168827474048996641268677378631594125848916497310202550872446508872284716360497084044836096105879454660403, 15181792318342976488880741650421158880942415481171417856107125562105993014523479588313852672741156182622824, 106272546228400835422165191552948112166596908368199924992749878934741951101664357118196968709188093278359771, 743907823598805847955156340870636785166178358577399474949249152543193657711650499827378780964316652948518400, 5207354765191640935686094386094457496163248510041796324644744067802355603981553498791651466750216570639628803, 36451483356341486549802660702661202473142739570292574272513208474616489227870874491541560267251515994477401624, 255160383494390405848618624918628417311999176992048019907592459322315424595096121440790921870760611961341811371, 1786122684460732840940330374430398921183994238944336139353147215256207972165672850085536453095324283729392679600, 12502858791225129886582312621012792448287959672610352975472030506793455805159709950598755171667269986105748757203, 87520011538575909206076188347089547138015717708272470828304213547554190636117969654191286201670889902740241300424, 612640080770031364442533318429626829966110023957907295798129494832879334452825787579339003411696229319181689102971, 4288480565390219551097733229007387809762770167705351070586906463830155341169780513055373023881873605234271823720800, 30019363957731536857684132603051714668339391173937457494108345246811087388188463591387611167173115236639902766045603, 210135547704120758003788928221362002678375738217562202458758416727677611717319245139713278170211806656479319362319224, 1470948833928845306026522497549534018748630167522935417211308917093743282021234715977992947191482646595355235536234571, 10296641837501917142185657482846738131240411172660547920479162419656202974148643011845950630340378526167486648753642000, 72076492862513419995299602379927166918682878208623835443354136937593420819040501082921654412382649683172406541275494003, 504535450037593939967097216659490168430780147460366848103478958563153945733283507580451580886678547782206845788928458024, 3531748150263157579769680516616431179015461032222567936724352709942077620132984553063161066206749834475447920522499206171, 24722237051842103058387763616315018253108227225557975557070468969594543340930891871442127463447248841328135443657494443200}
Match? â NO
Î½_p(D) = n (jump index)? â NO
Î½_p(N) = n-1? â NO

FindSequenceFunction on k-values:
Product[3 + DifferenceRoot[Function[{, }, {49 + (-77 + 126* - 49*^2)*[] + (68 - 147* + 49*^2)*[1 + ] + (9 + 21*)*[2 + ] == 0, [1] == 0, [2] == 1/3}]][K[1]], {K[1], 1, -1 + n}]

FindLinearRecurrence on k-values:
Recurrence: FindLinearRecurrence[{1, 3, 10, 17, 24, 31, 38, 45, 52, 59, 66, 73, 80, 87, 94, 101, 108, 115, 122, 129, 136, 143, 150, 157, 164, 171, 178, 185, 192, 199, 206, 213, 220, 227, 234, 241, 248, 255, 262, 269, 276, 283, 290, 297, 304, 311, 318, 325, 332, 339, 346, 353, 360, 367, 374, 381, 388, 395, 402, 409, 416, 423, 430, 437, 444, 451, 458, 465, 472, 479, 486, 493, 500, 507, 514, 521, 528, 535, 542, 549, 556, 563, 570, 577, 584, 591, 598, 605, 612, 619, 626, 633, 640, 647, 654, 661, 668, 675, 682, 689, 696, 703, 710, 717, 724, 731, 738, 745, 752, 759, 766, 773, 780, 787, 794, 801, 808, 815, 822, 829, 836, 843, 850, 857, 864, 871, 878, 885, 892, 899, 906, 913, 920, 927, 934, 941, 948, 955, 962, 969, 976, 983, 990, 997}]


>>> PRIME p=11 <<<
Tracking valuations for p=11 up to k=1000
  Generating hybrid states...
  â Generated 1001 states
  Extracting valuations...
    Progress: k=200/1000
    Progress: k=400/1000
    Progress: k=600/1000
    Progress: k=800/1000
    Progress: k=1000/1000
  â Tracked 1000 terms

=== JUMP PATTERN ANALYSIS FOR p=11 ===
Number of jumps: 92

Jump points:
n	k	2k+1	Î½_p(D)	Î½_p(N)	Diff
1	1	3	0	0	0
2	5	11	1	0	1
3	16	33	2	1	1
4	27	55	3	2	1
5	38	77	4	3	1
6	49	99	5	4	1
7	60	121	7	6	1
8	71	143	8	7	1
9	82	165	9	8	1
10	93	187	10	9	1
11	104	209	11	10	1
12	115	231	12	11	1
13	126	253	13	12	1
14	137	275	14	13	1
15	148	297	15	14	1
16	159	319	16	15	1
17	170	341	17	16	1
18	181	363	19	18	1
19	192	385	20	19	1
20	203	407	21	20	1

=== SEQUENCES ===
k-values: {1, 5, 16, 27, 38, 49, 60, 71, 82, 93, 104, 115, 126, 137, 148, 159, 170, 181, 192, 203, 214, 225, 236, 247, 258, 269, 280, 291, 302, 313, 324, 335, 346, 357, 368, 379, 390, 401, 412, 423, 434, 445, 456, 467, 478, 489, 500, 511, 522, 533, 544, 555, 566, 577, 588, 599, 610, 621, 632, 643, 654, 665, 676, 687, 698, 709, 720, 731, 742, 753, 764, 775, 786, 797, 808, 819, 830, 841, 852, 863, 874, 885, 896, 907, 918, 929, 940, 951, 962, 973, 984, 995}
Î½_p(D): {0, 1, 2, 3, 4, 5, 7, 8, 9, 10, 11, 12, 13, 14, 15, 16, 17, 19, 20, 21, 22, 23, 24, 25, 26, 27, 28, 29, 31, 32, 33, 34, 35, 36, 37, 38, 39, 40, 41, 43, 44, 45, 46, 47, 48, 49, 50, 51, 52, 53, 55, 56, 57, 58, 59, 60, 61, 62, 63, 64, 65, 68, 69, 70, 71, 72, 73, 74, 75, 76, 77, 78, 80, 81, 82, 83, 84, 85, 86, 87, 88, 89, 90, 92, 93, 94, 95, 96, 97, 98, 99, 100}
Î½_p(N): {0, 0, 1, 2, 3, 4, 6, 7, 8, 9, 10, 11, 12, 13, 14, 15, 16, 18, 19, 20, 21, 22, 23, 24, 25, 26, 27, 28, 30, 31, 32, 33, 34, 35, 36, 37, 38, 39, 40, 42, 43, 44, 45, 46, 47, 48, 49, 50, 51, 52, 54, 55, 56, 57, 58, 59, 60, 61, 62, 63, 64, 67, 68, 69, 70, 71, 72, 73, 74, 75, 76, 77, 79, 80, 81, 82, 83, 84, 85, 86, 87, 88, 89, 91, 92, 93, 94, 95, 96, 97, 98, 99}
Differences: {0, 1, 1, 1, 1, 1, 1, 1, 1, 1, 1, 1, 1, 1, 1, 1, 1, 1, 1, 1, 1, 1, 1, 1, 1, 1, 1, 1, 1, 1, 1, 1, 1, 1, 1, 1, 1, 1, 1, 1, 1, 1, 1, 1, 1, 1, 1, 1, 1, 1, 1, 1, 1, 1, 1, 1, 1, 1, 1, 1, 1, 1, 1, 1, 1, 1, 1, 1, 1, 1, 1, 1, 1, 1, 1, 1, 1, 1, 1, 1, 1, 1, 1, 1, 1, 1, 1, 1, 1, 1, 1, 1}

=== VERIFICATION ===
All differences = 1? â NO

=== PATTERN DETECTION ===
Expected k if k = (p^n - 1)/2: {5, 60, 665, 7320, 80525, 885780, 9743585, 107179440, 1178973845, 12968712300, 142655835305, 1569214188360, 17261356071965, 189874916791620, 2088624084707825, 22974864931786080, 252723514249646885, 2779958656746115740, 30579545224207273145, 336374997466280004600, 3700124972129080050605, 40701374693419880556660, 447715121627618686123265, 4924866337903805547355920, 54173529716941861020915125, 595908826886360471230066380, 6554997095749965183530730185, 72104968053249617018838032040, 793154648585745787207218352445, 8724701134443203659279401876900, 95971712478875240252073420645905, 1055688837267627642772807627104960, 11612577209943904070500883898154565, 127738349309382944775509722879700220, 1405121842403212392530606951676702425, 15456340266435336317836676468443726680, 170019742930788699496203441152880993485, 1870217172238675694458237852681690928340, 20572388894625432639040616379498600211745, 226296277840879759029446780174484602329200, 2489259056249677349323914581919330625621205, 27381849618746450842563060401112636881833260, 301200345806210959268193664412239005700165865, 3313203803868320551950130308534629062701824520, 36445241842551526071451433393880919689720069725, 400897660268066786785965767332690116586920766980, 4409874262948734654645623440659591282456128436785, 48508616892436081201101857847255504107017412804640, 533594785816796893212120436319810545177191540851045, 5869542643984765825333324799517915996949106949361500, 64564969083832424078666572794697075966440176442976505, 710214659922156664865332300741667835630841940872741560, 7812361259143723313518655308158346191939261349600157165, 85935973850580956448705208389741808111331874845601728820, 945295712356390520935757292287159889224650623301619017025, 10398252835920295730293330215158758781471156856317809187280, 114380781195123253033226632366746346596182725419495901060085, 1258188593146355783365492956034209812558009979614454911660940, 13840074524609913617020422516376307938138109775759004028270345, 152240819770709049787224647680139387319519207533349044310973800, 1674649017477799547659471124481533260514711282866839487420711805, 18421139192255795024254182369296865865661824111535234361627829860, 202632531114813745266796006062265524522280065226887577977906128465, 2228957842262951197934756066684920769745080717495763357756967413120, 24518536264892463177282316733534128467195887892453396935326641544325, 269703898913817094950105484068875413139154766816987366288593056987580, 2966742888051988044451160324757629544530702434986861029174523626863385, 32634171768571868488962763572333924989837726784855471320919759895497240, 358975889454290553378590399295673174888214994633410184530117358850469645, 3948734783997196087164494392252404923770364940967512029831290947355166100, 43436082623969156958809438314776454161474014350642632328144200420906827105, 477796908863660726546903821462540995776214157857068955609586204629975098160, 5255765997500267992015942036087950953538355736427758511705448250929726079765, 57813425972502947912175362396967460488921913100705343628759930760226986877420, 635947685697532427033928986366642065378141044107758779916359238362496855651625, 6995424542672856697373218850033062719159551485185346579079951621987465412167880, 76949669969401423671105407350363689910755066337038812369879467841862119533846685, 846446369663415660382159480854000589018305729707426936068674146260483314872313540, 9310910066297572264203754289394006479201363026781696296755415608865316463595448945, 102420010729273294906241297183334071271214993294598659264309571697518481099549938400, 1126620118022006243968654269016674783983364926240585251907405288672703292095049322405, 12392821298242068683655196959183422623817014188646437770981458175399736213045542546460, 136321034280662755520207166551017648861987156075110815480796039929397098343500968011065, 1499531377087290310722278832061194137481858716826218970288756439223368081778510648121720, 16494845147960193417945067152673135512300445885088408673176320831457048899563617129338925, 181443296627562127597395738679404490635304904735972495404939529146027537895199788422728180, 1995876262903183403571353125473449396988353952095697449454334820606302916847197672650009985, 21954638891935017439284884380207943366871893473052671943997683026669332085319174399150109840, 241501027811285191832133728182287377035590828203579391383974513293362652938510918390651208245, 2656511305924137110153471010005161147391499110239373305223719646226989182323620102297163290700, 29221624365165508211688181110056772621306490212633106357460916108496881005559821125268796197705, 321437868016820590328569992210624498834371392338964169932070077193465691061158032377956758174760}
Match? â NO
Î½_p(D) = n (jump index)? â NO
Î½_p(N) = n-1? â NO

FindSequenceFunction on k-values:
Product[5 + DifferenceRoot[Function[{, }, {121 + (-187 + 308* - 121*^2)*[] + (162 - 363* + 121*^2)*[1 + ] + (25 + 55*)*[2 + ] == 0, [1] == 0, [2] == -9/5}]][K[1]], {K[1], 1, -1 + n}]

FindLinearRecurrence on k-values:
Recurrence: FindLinearRecurrence[{1, 5, 16, 27, 38, 49, 60, 71, 82, 93, 104, 115, 126, 137, 148, 159, 170, 181, 192, 203, 214, 225, 236, 247, 258, 269, 280, 291, 302, 313, 324, 335, 346, 357, 368, 379, 390, 401, 412, 423, 434, 445, 456, 467, 478, 489, 500, 511, 522, 533, 544, 555, 566, 577, 588, 599, 610, 621, 632, 643, 654, 665, 676, 687, 698, 709, 720, 731, 742, 753, 764, 775, 786, 797, 808, 819, 830, 841, 852, 863, 874, 885, 896, 907, 918, 929, 940, 951, 962, 973, 984, 995}]


=== SUMMARY ===
â Hybrid recurrence implemented and verified
â Valuation tracking complete for primes: {3, 5, 7, 11}
â All analyzed primes satisfy: Î½_p(D) - Î½_p(N) = 1
â Jump pattern confirmed: k = (p^n - 1)/2

Exporting results...

Export::jsonassockeynstr: Association contains a non-string key.
Results saved to: reports/hybrid_valuation_tracking.json
